10,293
10,65
10,83
10,267
10,5
10,253
10,135
11,11
9,2
9,3
8,17
8,11
8,16
8,14
8,18
8,2
49,3
8,3
49,2
49,1
48,2
47,3
47,1
46,4
46,3
46,1
44,3
44,1
41,3
41,1
39,3
39,1
37,3
37,1
35,4
35,3
35,1
30,3
30,1
27,3
27,1
21,3
21,2
21,1
21,0
17,3
17,2
17,1
16,3
16,2
16,1
15,3
15,2
15,1
14,2
13,2
12,3
12,2
12,1
11,29
11,28
11,27
11,26
11,25
11,24
11,23
11,20
11,19
11,15
11,13
11,12
11,10
11,9
20,2
11,5
20,1
11,3
11,2
20,3
11,1
10,309
10,274
10,266
10,263
10,242
10,222
19,2
10,218
19,1
10,215
19,3
10,201
10,195
10,191
10,171
10,169
10,165
10,161
10,159
10,157
10,136
10,119
10,73
10,16
10,11
10,3
10,2
10,1
9,7
9,6
9,1
9,5
